test|60000244060000|00002440600000|00024406000002|00244060000024|02440600000244|24406000002440|44060000024400|40600000244000|06000002440000|60000024400000
 gulboks|11111111111000|11111111110000|11111111100000|11111111000000|11111110000000|11111100000000|11111000000001|11110000000011|11100000000110|11000000001100
 123|50000000025000|00000000250000|00000002500000|00000025000000|00000250000000|00002500000000|00025000000002|00250000000025|02500000000250|25000000002500
name|10000000021000|00000000210000|00000002100000|00000021000000|00000210000000|00002100000000|00021000000002|00210000000021|02100000000210|21000000002100
2|20000000032000000003200000000320000000032000000003200000000320000000032000000003200000000320000000032000000003200000000320000000032000000003
qkofji|1000000002|0000000021|0000000210|0000002100|0000021000|0000210000|0002100000|0021000000|0210000000|21000000001000000002000000002100000002100000002100
asd|1333333333|3333333333|3333333333|3333333333|3333333333|3333333331|3333333310|3333333100|3333331000|33333100003333100000333100000033100000003100000000
asdsdwe234|1111111111|1111111111|1111111111|1111111111|1111111111|1111111110|1111111100|1111111000|1111110000|11111000001111000000111000000011000000001000000000
|213456789|2|00000000320000|00003200000000|32000000003200|00000032000000|00320000000032|00000000320000|00003200000000|32000000003200|00000032000000|0032000000003
1234567890+\|2000000003|0000000032|0000000320|0000003200|0000032000|0000320000|0003200000|0032000000|0320000000|32000000002000000003000000003200000003200000003200
|0000000000|0000000000|0000000000|0000000000|0000000000|0000000000|0000000000|0000000000|0000000000|00000000000000000000000000000000000000000000000000
|1000000000|0000000001|0000000010|0000000100|0000001000|0000010000|0000100000|0001000000|0010000000|01000000001000000000000000000100000000100000000100
|0000000000|0000000000|0000000000|0000000000|0000000000|0000000000|0000000000|0000000000|0000000000|00000000000000000000000000000000000000000000000000
|1000000001|1000000001|1000000001|1000000001|1000000001|1000000001|1000000001|1000000001|1000000001|10000000011000000001100000000110000000011000000001
